1
3
5
9
12
24
32
34
35
42
46
55
57
62
64
70
71
81
101
137
156
173
174
194
195
202
206
209
210
224
226
237
260
270
271
276
286
293
297
302
306
310
376
378
493
513
549
553
557
558
559
567
577
600
603
668
680
684
701
702
703
706
714
715
719
721
724
745
760
766
768
781
786
797
803
812
819
852
855
1101
1103
1120
1126
1136
1140
1213
1215
1217
1221
1226
1237
1239
1241
1248
1249
1251
1256
1257
1267
1273
1277
1280
1290
1294
1299
1321
1339
1351
1403
1408
1421
1538
1541
1547
1554
1555
1612
1645
1653
1668
1678
1680
1696
1723
1741
1742
1759
1764
1767
1785
1789
1818
1828
1835
1836
1842
1853
1874
1880
1887
1916
1921
1930
1931
1936
1945
1955
1968
1970
1982
1998
2018
2044
2065
2072
2107
2108
2110
2116
2118
2119
2134
2140
2152
2153
2159
2162
2165
2187
2200
2379
2381
2386
2495
2497
2500
2510
2514
2516
2518
2519
2527
2529
2544
2552
2554
2559
2572
2576
2586
2588
2593
2594
2597
2602
2603
2607
2609
2611
2614
2634
2637
2647
2665
2675
2681
2682
2683
2685
2686
2687
2688
2697
2698
2707
2711
2715
2716
2721
2722
2730
2734
2764
2818
2828
2830
2839
2847
2848
2852
2854
2856
2857
2860
2861
2874
2882
2895
2899
2906
2907
2914
2939
3043
3058
3064
3081
3128
3130
3132
3164
3169
3175
3202
3208
3209
3212
3213
3215
3216
3218
3221
3223
3225
3226
3229
3238
3239
3242
3243
3245
3246
3249
3252
3253
3254
3255
3257
3261
3262
3265
3266
3267
3268
3269
3291
3292
3300
3301
3302
3303
3307
3308
3312
3313
3316
3320
3324
3326
3327
3329
3330
3331
3333
3352
3356
3361
3367
3371
3372
3378
3385
3421
3422
3462
3464
3477
3479
3480
3491
3549
3561
3583
3593
3595
3597
3599
3605
3630
3640
3662
3663
3676
3685
3700
3701
3707
3714
3722
3728
3737
3741
3742
3745
3754
3755
3758
3766
3770
3786
3790
3801
3816
3833
3851
3855
3900
3908
3910
3912
3923
3927
3931
3943
3949
4004
4007
4049
4058
4134
4136
4150
4181
4193
4208
4230
4249
4250
4258
4261
4262
4263
4264
4265
4266
4267
4269
4270
4314
4319
4323
4436
4459
4466
4474
4508
4515
4528
4538
4540
4544
4546
4556
4557
4565
4574
4581
4589
4594
4608
4609
4618
4621
4628
4637
4638
4641
4645
4648
4651
4652
4657
4662
4670
4673
4678
4680
4686
4694
4704
4713
4725
4739
4741
4750
4755
4760
4761
4764
4765
4766
4768
4770
4771
4775
4776
4777
4779
4780
4787
4788
4795
4800
4802
4804
4805
4808
4809
4811
4812
4813
4816
4818
4826
4833
4835
4837
4844
4845
4847
4851
4854
4857
4862
4901
4913
4922
4927
4943
4996
4997
5006
5009
5017
5050
5056
5061
5078
5087
5089
5104
5107
5377
5378
5379
5381
5384
5385
5386
5387
5391
5392
5394
5396
5397
5400
5403
5404
5408
5409
5410
5413
5416
5425
5429
5430
5432
5433
5435
5438
5459
5466
5467
5468
5483
5484
5486
5488
5495
5503
5504
5505
5511
5518
5521
5523
5524
5526
5532
5537
5538
5539
5541
5542
5547
5550
5555
5563
5564
5568
5576
5577
5578
5580
5582
5583
5587
5588
5602
5603
5605
5606
5607
5610
5617
5631
5639
5645
5650
5662
5664
5668
5669
5690
5691
5693
5713
5715
5719
5725
5726
5730
5738
5742
5760
5769
5794
6034
6057
6059
6062
6067
6079
6122
6128
6130
6140
6147
6167
6181
6197
6203
6222
6223
6224
6254
6261
6295
6296
6300
6303
6306
6315
6325
6327
6332
6355
6360
6364
6367
6368
6372
6389
6391
6400
6405
6407
6412
6419
6421
6423
6428
6429
6453
6458
6459
6461
6471
6479
6498
6503
6505
6507
6509
6517
6528
6536
6559
6568
6580
6582
6597
6614
6619
6620
6621
6623
6648
6653
6659
6660
6661
6662
6663
6667
6672
6677
6679
6682
6694
6697
6699
6700
6702
6703
6712
6713
6718
6723
6724
6730
6731
6734
6735
6736
6739
6758
6762
6764
6768
6769
6772
6774
6775
6777
6778
6782
6786
6789
6798
6799
6802
6805
6812
6820
6821
6828
6830
6834
6846
6848
6849
6853
6854
6855
6856
6858
6863
6866
6874
6876
6879
6880
6881
6886
6893
6894
6895
6898
6900
6903
6904
6905
6908
6910
6913
6921
6922
6939
6966
6979
6981
6983
6994
7004
7011
7012
7014
7015
7016
7018
7029
7046
7048
7049
7055
7057
7065
7087
7091
7098
7106
7122
7132
7151
7155
7162
7194
7195
7219
7221
7224
7226
7243
7247
7250
7257
7270
7276
7296
7303
7311
7332
7341
7342
7349
7352
7363
7377
7381
7385
7393
7418
7430
7438
7453
7459
7465
7468
7469
7470
7473
7474
7475
7479
7482
7489
7490
7497
7500
7502
7505
7506
7511
7514
7521
7522
7524
7527
7529
7530
7532
7533
7539
7540
7543
7545
7546
7552
7561
7562
7565
7568
7575
7578
7583
7594
7597
7598
7600
7602
7604
7610
7616
7617
7629
7631
7632
7633
7636
7642
7649
7654
7656
7660
7664
7668
7670
7671
7679
7682
7690
7693
7707
7712
7713
7718
7725
7727
7735
7738
7741
7743
7748
7752
7754
7782
7784
7786
7794
7795
7805
7806
7819
7821
7827
7828
7829
7843
7849
7850
7861
7896
7908
7911
7922
7925
7955
7961
7979
7992
8001
8002
8008
8014
8015
8025
8030
8047
8048
8053
8055
8057
8075
8100
8103
8111
8120
8121
8151
8167
8175
8190
8192
8193
8194
8201
8218
8220
8226
8236
8240
8241
8242
8245
8246
8247
8249
8251
8258
8262
8265
8280
8282
8283
8285
8291
8301
8304
8308
8309
8310
8311
8317
8319
8323
8331
8338
8339
8342
8343
8345
8346
8359
8364
8365
8368
8369
8371
8373
8374
8375
8376
8386
8387
8390
8391
8393
8395
8400
8402
8410
8412
8416
8419
8422
8426
8427
8431
8437
8439
8440
8443
8445
8447
8449
8452
8455
8457
8468
8469
8470
8473
8477
8486
8487
8491
8492
8495
8496
8501
8508
8511
8513
8515
8517
8522
8529
8530
8540
8542
8544
8551
8553
8554
8560
8561
8562
8565
8569
8570
8580
8585
8586
8591
8595
8596
8603
8607
8608
8612
8613
8615
8629
8636
8637
8641
8646
8648
8649
8657
8659
8664
8666
8674
8675
8676
8677
8680
8681
8685
8692
8697
8708
8717
8718
8723
8728
8732
8737
8744
8749
8751
8757
8758
8763
8764
8767
8771
8774
8775
8778
8779
8781
8784
8788
8794
8798
8804
8816
8820
8821
8823
8828
8839
8851
8865
8866
8870
8879
8881
8890
8892
8893
8895
8896
8897
8902
8903
8905
8920
8925
8926
8928
8932
8943
8950
8953
8954
8966
8968
8990
8997
9000
9002
9008
9009
9021
9026
9030
9031
9032
9036
9038
9039
9044
9049
9050
9051
9063
9066
9067
9070
9080
9085
9086
9110
9112
9113
9116
9119
9121
9122
9125
9127
9129
9136
9143
9145
9146
9150
9153
9155
9158
9166
9178
9182
9186
9189
9193
9198
9208
9211
9226
9230
9241
9244
9245
9246
9255
9260
9264
9268
9269
9270
9283
9286
9288
9293
9297
9299
9303
9304
9312
9313
9315
9318
9326
9328
9329
9336
9340
9341
9351
9354
9365
9370
9371
9381
9387
9394
9396
9398
9416
9441
9443
9457
9466
9482
9484
9497
9498
9500
9503
9505
9506
9507
9513
9516
9519
9526
9534
9541
9542
9556
9557
9583
9584
9587
9593
9601
9607
9614
9621
9622
9627
9650
9652
9658
9667
9670
9676
9680
9689
9700
9714
9716
9723
9729
9730
9731
9738
9749
9785
9790
9794
9797
9801
9808
9811
9814
9821
9822
9824
9829
9830
9832
9834
9842
9845
9848
9871
9873
9875
9876
9885
9889
9891
9901
9902
9905
9908
9911
9918
9919
9924
9925
9927
9929
9930
9931
9934
9942
9950
9957
9988
9993
9999
10010
10013
10021
10022
10024
10026
10029
10031
10032
10036
10049
10083
10084
10089
10094
10098
10099
10101
10102
10103
10118
10130
10133
10135
10143
10145
10158
10201
10204
10206
10217
10223
10226
10229
10242
10269
10278
10279
10282
10288
10292
10299
10302
10310
10352
10396
10397
10417
10429
10430
10437
10439
10457
10464
10466
10474
10480
10481
10490
10507
10570
10578
10583
10587
10594
10607
10625
10653
10674
10692
10708
10733
10753
10770
10771
10774
10778
10794
10796
10834
10835
10838
10881
10883
10886
10910
10912
10913
10929
10932
10933
10947
10954
10961
10965
10972
10991
11013
11014
11017
11019
11030
11051
11058
11071
11074
11081
11096
11100
11114
11115
11123
11127
11139
11164
11170
11172
11178
11183
11192
11195
11215
11232
11239
11240
11242
11255
11259
11260
11269
11271
11272
11274
11280
11287
11290
11317
11320
11338
11340
11342
11351
11353
11359
11363
11367
11383
11402
11403
11404
11417
11419
11426
11427
11432
11468
11478
11481
11486
11492
11522
11524
11525
11537
11550
11556
11557
11562
11563
11589
11598
11612
11647
11650
11663
11664
11666
11675
11680
11686
11691
11696
11706
11708
11712
11713
11714
11717
11722
11727
11745
11750
11751
11758
11766
11774
11776
11796
11798
11806
11814
11815
11816
11817
11830
11835
11844
11845
11847
11853
11854
11855
11888
11904
11915
11921
11924
11942
11956
11960
11966
11970
11976
11979
11986
11992
11994
11996
12008
12019
12024
12025
12033
12041
12042
12044
12046
12064
12066
12083
12085
12087
12089
12100
12112
12119
12129
12133
12140
12143
12145
12148
12150
12154
12178
12179
12180
12181
12182
12188
12189
12200
12212
12231
12247
12252
12256
12260
12271
12284
12297
12301
12302
12303
12305
12306
12310
12312
12314
12315
12316
12321
12322
12324
12327
12329
12332
12333
12334
12337
12338
12343
12346
12350
12353
12357
12360
12361
12380
12386
12387
12389
12390
12392
12400
12406
12414
12418
12430
12437
12445
12455
12466
12470
12479
12480
12481
12491
12494
12496
12502
12506
12507
12510
12519
12530
12536
12541
12552
12555
12556
12566
12570
12577
12578
12580
12586
12592
12593
12597
12605
12611
12615
12617
12618
12637
12657
12658
12668
12670
12676
12683
12684
12685
12687
12690
12693
12695
12703
12709
12713
12714
12715
12716
12722
12730
12731
12732
12735
12737
12739
12741
12754
12759
12764
12767
12772
12773
12778
12779
12788
12792
12829
12831
12835
12842
12843
12844
12847
12849
12850
12857
12859
12872
12874
12878
12880
12883
12895
12897
12905
12912
12924
12926
12929
12939
12941
12946
12956
12958
12961
12963
12969
12971
12975
12976
12978
12980
12984
12986
12989
12990
12993
12997
12998
13000
13002
13003
13004
13009
13030
13032
13037
13041
13045
13046
13054
13055
13056
13065
13069
13091
13092
13094
13099
13101
13110
13115
13118
13119
13121
13122
13124
13127
13132
13155
13156
13157
13165
13169
13170
13173
13174
13178
13180
13188
13189
13193
13194
13208
13213
13214
13215
13237
13238
13247
13249
13259
13284
13285
13287
13289
13293
13307
13319
13324
13329
13331
13333
13335
13345
13354
13359
13367
13370
13414
13415
13424
13433
13438
13480
13489
13490
13499
13536
13555
13576
13578
13591
13592
13614
13635
13645
13647
13649
13657
13672
13682
13692
13693
13694
13703
13706
13727
13728
13730
13739
13746
13750
13760
13765
13767
13768
13776
13781
13789
13790
13791
13802
13807
13819
13825
13826
13845
13855
13868
13871
13876
13878
13896
13943
13951
13959
13977
13979
13984
13994
13999
14007
14041
14044
14048
14051
14080
14085
14090
14103
14116
14117
14127
14135
14147
14155
14178
14230
14237
14244
14259
14263
14265
14277
14278
14280
14282
14287
14288
14291
14313
14325
14333
14340
14361
14363
14365
14371
14380
14383
14413
14418
14420
14430
14442
14453
14472
14477
14492
14522
14537
14543
14551
14554
14567
14576
14589
14605
14615
14636
14638
14639
14651
14669
14701
14702
14709
14717
14742
14743
14744
14745
14746
14747
14753
14754
14755
14756
14773
14781
14793
14813
14818
14824
14828
14832
14840
14860
14866
14868
14877
14901
14904
14907
14910
14921
14923
14939
14979
14988
14989
15003
15009
15011
15024
15029
15042
15054
15085
15090
15093
15100
15108
15129
15133
15146
15149
15153
15164
15165
15169
15180
15191
15211
15221
15250
15265
15267
15270
15278
15290
15296
15301
15305
15311
15318
15320
15348
15353
15366
15368
15372
15377
15383
15389
15395
15397
15399
15401
15412
15419
15421
15426
15433
15439
15440
15450
15454
15461
15468
15471
15474
15493
15497
15502
15510
15525
15533
15541
15544
15547
15555
15557
15562
15570
15576
15577
15589
15595
15598
15599
15600
15605
15623
15626
15638
15640
15658
15659
15670
15672
15673
15685
15691
15693
15694
15695
15696
15699
15702
15703
15704
15706
15721
15725
15732
15734
15735
15738
15739
15743
15744
15756
15757
15759
15763
15765
15766
15772
15774
15782
15798
15802
15805
15806
15808
15830
15835
15836
15851
15857
15879
15886
15895
15919
15924
15932
15935
15943
15945
15954
15955
15958
15960
15962
15964
15965
15974
15982
15994
15997
16007
16010
16019
16020
16030
16038
16047
16054
16058
16066
16076
16080
16082
16083
16086
16089
16094
16095
16097
16110
16117
16128
16130
16138
16143
16145
16150
16154
16160
16164
16170
16175
16178
16186
16190
16202
16205
16206
16218
16229
16243
16245
16246
16256
16262
16265
16276
16283
16284
16285
16296
16297
16300
16302
16303
16316
16322
16326
16338
16342
16344
16347
16350
16353
16371
16391
16395
16397
16399
16406
16413
16467
16471
16473
16491
16503
16509
16523
16524
16531
16532
16557
16559
16567
16582
16583
16591
16592
16594
16604
16609
16610
16626
16628
16629
16637
16654
16657
16668
16685
16695
16696
16700
16713
16724
16732
16735
16739
16796
16810
16814
16816
16832
16835
16838
16842
16851
16863
16866
16876
16880
16904
16905
16906
16908
16928
16941
16942
16948
16949
16959
16960
16966
16967
16971
17001
17012
17014
17018
17025
17044
17054
17057
17072
17077
17088
17099
17113
17139
17143
17149
17151
17184
17185
17216
17222
17223
17225
17226
17227
17228
17229
17231
17232
17253
17293
17303
17306
17310
17338
17356
17358
17361
17373
17378
17379
17380
17385
17400
17402
17403
17408
17416
17425
17426
17428
17439
17444
17447
17451
17456
17469
17473
17477
17483
17488
17492
17494
17498
17501
17506
17511
17534
17547
17554
17557
17559
17561
17563
17619
17621
17622
17623
17625
17638
17639
17645
17660
17665
17668
17670
17675
17676
17680
17683
17685
17686
17705
17707
17709
17714
17716
17727
17754
17762
17763
17766
17785
17787
17804
17806
17816
17820
17826
17828
17831
17841
17857
17858
17864
17882
17884
17887
17888
17889
17895
17907
17916
17917
17922
17924
17927
17941
17958
17961
17970
17974
17981
17984
17993
17995
17996
18000
18001
18002
18007
18015
18033
18037
18042
18046
18059
18068
18070
18081
18092
18101
18103
18106
18114
18117
18118
18119
18121
18125
18127
18135
18149
18153
18182
18183
18185
18187
18196
18200
18206
18209
18210
18221
18229
18233
18259
18260
18266
18268
18283
18302
18351
18371
18379
18390
18400
18403
18404
18450
18451
18474
18479
18484
18530
18540
18566
18592
18616
18618
18624
18632
18647
18671
18672
18678
18683
18703
18705
18710
18712
18734
18747
18779
18786
18806
18809
18839
18840
18865
18881
18883
18886
18895
18897
18931
18934
18943
18978
18982
18988
18990
19008
19009
19016
19019
19021
19024
19035
19036
19037
19045
19050
19052
19082
19086
19089
19092
19108
19114
19117
19133
19149
19151
19158
19159
19165
19169
19170
19174
19180
19214
19227
19229
19233
19237
19255
19256
19257
19261
19271
19305
19318
19324
19331
19332
19366
19368
19373
19381
19383
19397
19406
19422
19429
19437
19479
19496
19497
19504
19515
19516
19528
19530
19531
19541
19551
19554
19555
19556
19570
19578
19582
19592
19603
19604
19605
19626
19653
19689
19693
19711
19740
19752
19754
19782
19800
19808
19812
19830
19835
19844
19855
19863
19874
19875
19881
19893
19905
19930
19969
19982
19990
19996
20001
20018
20021
20029
20041
20042
20057
20077
20080
20081
20091
20115
20141
20161
20180
20193
20207
20208
20214
20225
20255
20257
20278
20291
20294
20298
20299
20312
20328
20355
20375
20376
20385
20398
20406
20412
20413
20448
20454
20459
20460
20473
20483
20484
20485
20495
20504
20516
20519
20521
20525
20533
20545
20546
20552
20562
20565
20581
20590
20598
20609
20612
20616
20618
20621
20629
20631
20632
20634
20640
20643
20645
20647
20649
20657
20661
20676
20677
20682
20686
20694
20698
20704
20710
20712
20714
20722
20723
20730
20731
20746
20750
20751
20755
20764
20771
20773
20776
20783
20799
20804
20810
20811
20815
20836
20845
20847
20850
20853
20857
20860
20861
20866
20870
20873
20875
20895
20900
20902
20904
20910
20911
20912
20915
20917
20919
20926
20928
20932
20934
20940
20942
20946
20952
20960
20965
20969
20973
21003
21005
21013
21017
21021
21050
21056
21057
21064
21100
21101
21103
21104
21105
21123
21127
21131
21132
21150
21151
21155
21156
21159
21183
21189
21191
21195
21211
21215
21217
21219
21226
21229
21230
21232
21236
21246
21263
21271
21274
21277
21282
21283
21294
21299
21305
21309
21310
21312
21320
21321
21332
21333
21334
21341
21345
21351
21353
21365
21367
21378
21379
21385
21396
21409
21412
21413
21414
21430
21435
21437
21446
21453
21461
21472
21473
21479
21483
21485
21487
21488
21489
21495
21497
21500
21502
21508
21523
21527
21528
21547
21548
21559
21570
21571
21574
21575
21581
21599
21627
21628
21637
21640
21657
21669
21686
21688
21694
21719
21724
21730
21737
21743
21755
21766
21769
21777
21782
21804
21808
21859
21877
21879
21889
21898
21918
21922
21928
21947
21949
21965
21976
21981
21992
22002
22011
22062
22070
22110
22132
22147
22150
22177
22191
22205
22241
22243
22258
22260
22284
22298
22299
22302
22324
22335
22343
22346
22351
22355
22356
22361
22364
22381
22384
22388
22402
22408
22411
22418
22438
22442
22451
22489
22500
22534
22541
22546
22548
22552
22561
22562
22566
22571
22573
22576
22591
22608
22625
22637
22645
22646
22652
22653
22663
22667
22689
22690
22691
22702
22724
22734
22742
22747
22759
22772
22773
22781
22792
22795
22799
22822
22860
22869
22894
22898
22908
22909
22911
22925
22927
22937
22958
22995
23002
23005
23024
23033
23047
23060
23074
23089
23100
23106
23114
23118
23126
23127
23136
23138
23139
23148
23154
23175
23184
23201
23203
23205
23219
23225
23243
23248
23265
23304
23308
23314
23316
23336
23338
23342
23352
23367
23374
23379
23383
23387
23391
23393
23404
23410
23412
23415
23422
23465
23473
23486
23487
23498
23503
23520
23545
23550
23563
23575
23576
23620
23637
23641
23642
23650
23655
23661
23671
23674
23678
23679
23682
23686
23688
23700
23708
23709
23721
23724
23729
23750
23752
23756
23779
23783
23815
23816
23818
23829
23838
23844
23855
23860
23862
23871
23879
23881
23884
23889
23893
23899
23900
23911
23923
23930
23935
23944
23947
23948
23949
23951
23953
23956
23962
23966
23991
24016
24028
24043
24047
24066
24077
24085
24088
24093
24121
24122
24130
24133
24134
24138
24151
24155
24173
24176
24183
24186
24187
24192
24198
24201
24203
24209
24210
24213
24218
24220
24228
24229
24233
24235
24238
24245
24246
24247
24257
24295
24298
24309
24319
24323
24324
24337
24342
24399
24400
24413
24416
24435
24437
24441
24445
24446
24466
24479
24481
24482
24490
24492
24499
24506
24514
24516
24520
24521
24523
24528
24530
24532
24534
24535
24538
24547
24550
24554
24559
24560
24572
24582
24588
24589
24590
24592
24593
24594
24599
24602
24611
24626
24631
24634
24637
24638
24641
24645
24651
24663
24679
24680
24682
24691
24699
24700
24703
24709
24723
24724
24725
24730
24739
24744
24748
24750
24753
24764
24768
24774
24776
24778
24785
24792
24800
24810
24811
24812
24817
24832
24835
24848
24852
24862
24863
24864
24867
24872
24875
24877
24889
24904
24916
24931
24936
24940
24945
24953
24955
24958
24961
24962
24971
24989
24995
25002
25003
25019
25061
25070
25074
25081
25084
25086
25091
25098
25106
25122
25133
25139
25141
25143
25144
25145
25146
25148
25150
25152
25159
25160
25178
25180
25184
25189
25192
25206
25211
25220
25227
25229
25233
25234
25248
25249
25251
25255
25259
25273
25277
25282
25291
25293
25299
25308
25313
25335
25341
25358
25369
25372
25376
25384
25386
25394
25408
25409
25415
25418
25424
25446
25447
25454
25459
25460
25466
25467
25468
25472
25473
25474
25478
25482
25486
25490
25496
25504
25509
25511
25512
25513
25515
25520
25521
25525
25529
25531
25534
25540
25542
25543
25549
25557
25568
25577
25584
25592
25607
25615
25620
25623
25636
25637
25649
25651
25660
25668
25670
25689
25694
25700
25746
25751
25761
25764
25766
25767
25769
25795
25818
25829
25843
25847
25851
25853
25883
25885
25888
25892
25899
25920
25921
25932
25933
25934
25956
25967
25979
25983
25993
25999
26068
26076
26084
26094
26105
26110
26114
26134
26152
26163
26166
26198
26209
26210
26223
26225
26253
26259
26282
26284
26292
26328
26337
26380
26406
26410
26413
26415
26426
26451
26452
26479
26484
26496
26505
26512
26523
26546
26549
26554
26592
26599
26609
26613
26615
26616
26617
26619
26650
26652
26677
26689
26721
26724
26725
26727
26739
26744
26753
26754
26759
26762
26769
26785
26788
26794
26801
26803
26804
26806
26827
26854
26860
26878
26881
26882
26895
26903
26914
26935
26949
26954
26956
26972
26978
26994
27006
27008
27026
27064
27065
27066
27137
27138
27139
27152
27168
27193
27195
27204
27224
27229
27235
27240
27257
27258
27272
27287
27288
27322
27325
27330
27334
27345
27364
27373
27382
27393
27400
27405
27445
27446
27467
27501
27506
27531
27537
27552
27553
27566
27582
27618
27626
27630
27631
27650
27653
27665
27668
27674
27678
27693
27696
27699
27708
27715
27717
27720
27724
27729
27735
27742
27750
27751
27759
27765
27768
27781
27790
27792
27796
27800
27807
27814
27817
27822
27823
27839
27843
27845
27851
27855
27876
27879
27881
27882
27884
27887
27895
27896
27903
27908
27919
27924
27932
27947
27951
27953
27955
27964
27975
27976
27978
27983
27986
27988
27992
27995
28000
28005
28006
28007
28022
28024
28032
28036
28049
28087
28103
28110
28118
28124
28125
28126
28130
28131
28132
28135
28137
28141
28142
28145
28146
28153
28156
28158
28161
28163
28165
28166
28169
28171
28173
28178
28183
28184
28186
28187
28188
28189
28191
28192
28198
28201
28202
28205
28207
28210
28211
28218
28220
28223
28224
28226
28229
28233
28235
28238
28239
28244
28245
28247
28250
28252
28255
28257
28258
28260
28263
28264
28266
28267
28271
28272
28274
28276
28279
28281
28283
28284
28285
28287
28292
28293
28294
28299
28300
28303
28306
28307
28309
28310
28317
28323
28327
28328
28329
28330
28331
28335
28338
28343
28347
28349
28352
28359
28360
28364
28368
28370
28377
28400
28404
28438
28497
28502
28511
28513
28545
28546
28550
28554
28555
28569
28576
28580
28587
28590
28592
28594
28598
28605
28606
28610
28624
28625
28634
28638
28640
28642
28649
28653
28654
28657
28663
28666
28667
28668
28669
28676
28682
28683
28684
28685
28703
28707
28712
28716
28717
28719
28725
28738
28745
28746
28748
28750
28760
28761
28768
28769
28773
28775
28797
28801
28809
28812
28825
28832
28840
28843
28849
28855
28858
28859
28876
28877
28878
28884
28885
28886
28889
28890
28891
28906
28907
28908
28910
28917
28926
28938
28952
28964
28968
28972
28974
28978
28994
28996
28999
29003
29006
29007
29009
29012
29014
29017
29030
29031
29037
29049
29050
29053
29056
29061
29062
29066
29069
29071
29073
29075
29076
29081
29084
29091
29099
29107
29114
29119
29124
29125
29134
29140
29147
29152
29154
29169
29170
29177
29182
29190
29194
29196
29199
29208
29209
29222
29226
29252
29255
29259
29262
29278
29285
29286
29287
29303
29304
29305
29314
29317
29319
29321
29326
29329
29355
29382
29384
29386
29396
29405
29413
29414
29422
29432
29442
29443
29449
29453
29456
29457
29465
29467
29468
29470
29491
29492
29518
29527
29535
29544
29550
29551
29553
29562
29571
29582
29596
29600
29605
29606
29607
29608
29611
29614
29620
29624
29632
29636
29644
29648
29649
29655
29667
29668
29670
29674
29684
29685
29686
29687
29691
29695
29697
29702
29709
29712
29713
29732
29748
29750
29791
29802
29831
29838
29844
29848
29854
29863
29870
29884
29886
29889
29900
29909
29920
29930
29933
29944
29968
29974
30016
30023
30027
30028
30029
30032
30036
30041
30048
30059
30070
30072
30083
30094
30110
30121
30122
30124
30130
30132
30147
30162
30164
30165
30167
30170
30176
30205
30216
30221
30247
30259
30263
30264
30282
30302
30325
30336
30337
30340
30361
30362
30372
30373
30444
30447
30462
30466
30475
30496
30497
30500
30504
30517
30524
30526
30539
30549
30600
30612
30619
30640
30663
30666
30682
30686
30688
30689
30691
30709
30715
30721
30722
30725
30729
30733
30740
30742
30745
30764
30766
30767
30778
30781
30784
30793
30798
30818
30822
30823
30827
30833
30836
30838
30844
30848
30851
30852
30855
30860
30868
30870
30880
30881
30889
30893
30900
30910
30922
30925
30936
30943
30950
30960
30962
30971
30972
30975
30985
30986
30988
30990
30992
30997
30998
30999
31012
31017
31025
31027
31029
31033
31034
31036
31037
31038
31042
31043
31059
31078
31083
31094
31100
31102
31103
31112
31115
31117
31122
31126
31133
31143
31148
31163
31167
31169
31172
31191
31195
31198
31200
31203
31204
31208
31211
31213
31214
31216
31221
31222
31225
31229
31239
31242
31244
31246
31250
31251
31252
31253
31257
31261
31263
31270
31272
31275
31277
31286
31287
31293
31294
31304
31313
31319
31321
31323
31334
31343
31357
31359
31360
31364
31370
31371
31376
31382
31400
31415
31416
31424
31425
31430
31444
31445
31452
31462
31463
31477
31479
31483
31484
31494
31495
31499
31500
31507
31510
31514
31515
31519
31529
31543
31549
31554
31556
31566
31576
31577
31581
31585
31588
31595
31599
31605
31608
31611
31621
31638
31641
31649
31655
31658
31662
31667
31669
31686
31692
31703
31708
31712
31713
31720
31721
31725
31726
31727
31736
31742
31769
31797
31834
31845
31857
31863
31877
31893
31929
31932
32020
32028
32034
32035
32068
32095
32097
32098
32105
32145
32152
32162
32181
32205
32212
32217
32220
32225
32226
32244
32262
32281
32286
32327
32328
32329
32354
32400
32413
32415
32425
32440
32451
32475
32477
32479
32489
32505
32550
32554
32592
32593
32609
32613
32614
32621
32622
32625
32626
32641
32650
32653
32654
32678
32703
32708
32732
32742
32743
32748
32780
32782
32787
32795
32806
32808
32867
32869
32890
32899
32934
32952
32959
32976
32982
33044
33055
33069
33070
33073
33079
33082
33084
33132
33154
33162
33164
33182
33189
33247
33287
33302
33321
33333
33353
33361
33362
33363
33383
33387
33392
33409
33422
33438
33445
33470
33480
33481
33483
33489
33490
33491
33494
33501
33514
33517
33536
33544
33554
33561
33567
33576
33588
33597
33604
33606
33616
33650
33651
33652
33654
33657
33659
33660
33661
33662
33666
33667
33668
33680
33695
33724
33742
33748
33762
33763
33764
33765
33771
33772
33786
33788
33823
33842
33843
33845
33852
33871
33874
33875
33885
33891
33904
33915
33920
33922
33923
33924
33927
33930
33934
33951
33965
33967
33970
33971
33983
33991
34006
34019
34037
34038
34046
34052
34056
34060
34073
34087
34092
34093
34102
34110
34119
34120
34123
34144
34145
34146
34154
34164
34168
34169
34171
34177
34187
34190
34199
34201
34204
34205
34209
34218
34223
34224
34225
34230
34232
34241
34244
34245
34248
34250
34251
34254
34259
34263
34265
34267
34270
34273
34277
34279
34288
34295
34300
34303
34304
34305
34309
34312
34326
34347
34350
34352
34354
34358
34359
34362
34372
34376
34385
34397
34419
34426
34444
34450
34456
34467
34470
34471
34501
34513
34525
34538
34540
34547
34549
34554
34555
34558
34560
34568
34569
34572
34573
34584
34594
34602
34604
34605
34619
34629
34636
34655
34659
34660
34661
34663
34676
34683
34688
34695
34700
34704
34709
34714
34718
34723
34744
34748
34752
34757
34761
34762
34764
34766
34769
34770
34772
34779
34781
34785
34786
34797
34803
34814
34820
34844
34858
34863
34866
34867
34875
34878
34879
34892
34898
34909
34912
34916
34922
34934
34946
34953
34968
34974
34977
34984
35000
35004
35017
35019
35021
35032
35033
35047
35067
35070
35074
35076
35087
35091
35100
35104
35132
35140
35144
35168
35177
35179
35191
35199
35205
35213
35219
35223
35226
35228
35236
35237
35238
35239
35260
35266
35280
35283
35297
35302
35313
35320
35328
35332
35346
35348
35352
35361
35362
35366
35369
35371
35377
35395
35401
35407
35415
35425
35432
35434
35457
35467
35491
35493
35518
35526
35530
35531
35539
35548
35549
35558
35566
35567
35572
35574
35575
35584
35592
35598
35612
35613
35614
35625
35628
35638
35640
35645
35662
35670
35686
35699
35701
35706
35717
35725
35737
35745
35753
35761
35768
35776
35780
35788
35804
35805
35807
35810
35815
35816
35819
35838
35843
35847
35891
35900
35908
35916
35937
35953
35962
35985
35986
35994
36012
36024
36030
36031
36057
36063
36086
36103
36149
36201
36222
36225
36236
36253
36280
36290
36295
36315
36324
36327
36351
36352
36374
36383
36384
36385
36394
36408
36412
36416
36423
36436
36471
36483
36489
36493
36498
36511
36549
36614
36618
36620
36624
36625
36632
36678
36683
36687
36692
36696
36728
36731
36734
36786
36813
36820
36843
36846
36866
36868
36873
36874
36881
36882
36884
36890
36902
36907
36909
36911
36912
36914
36916
36917
36920
36923
36925
36926
36930
36932
36937
36943
36944
36947
36953
36958
36959
36962
36965
36969
36974
36977
36991
36992
36994
37002
37006
37012
37013
37027
37028
37030
37031
37034
37035
37045
37053
37054
37057
37061
37063
37074
37075
37076
37084
37087
37088
37090
37098
37100
37101
37105
37109
37119
37122
37124
37125
37133
37137
37140
37148
37153
37157
37164
37172
37179
37182
37183
37184
37187
37196
37204
37209
37213
37223
37228
37230
37233
37236
37239
37248
37254
37269
37271
37273
37281
37282
37287
37294
37305
37308
37314
37315
37323
37336
37343
37345
37353
37356
37357
37358
37371
37374
37381
37390
37417
37422
37424
37425
37447
37449
37451
37455
37457
37463
37468
37474
37475
37489
37497
37517
37524
37525
37529
37531
37533
37545
37558
37571
37577
37578
37582
37594
37596
37599
37611
37613
37619
37622
37623
37624
37628
37642
37649
37656
37661
37662
37677
37678
37680
37684
37692
37693
37697
37906
37930
37933
37963
37978
38001
38017
38022
38026
38040
38056
38067
38081
38082
38084
38091
38097
38145
38146
38148
38150
38154
38156
38158
38165
38172
38176
38182
38192
38193
38195
38197
38199
38203
38209
38211
38220
38227
38235
38244
38256
38264
38266
38278
38283
38285
38288
38289
38320
38333
38340
38345
38370
38437
38442
38456
38457
38462
38478
38496
38505
38506
38511
38516
38517
38522
38525
38527
38546
38561
38562
38566
38611
38614
38616
38622
38623
38639
38680
38690
38701
38710
38712
38714
38726
38731
38735
38738
38740
38753
38757
38758
38767
38768
38771
38773
38778
38790
38794
38797
38800
38803
38809
38819
38835
38858
38861
38880
38883
38895
38915
38917
38922
38924
38930
38934
38949
38961
38963
38976
38987
38995
39003
39010
39011
39032
39040
39045
39049
39056
39067
39087
39102
39120
39122
39125
39133
39134
39138
39151
39153
39156
39167
39179
39180
39184
39193
39198
39199
39205
39211
39216
39232
39237
39242
39249
39251
39257
39264
39271
39273
39279
39288
39289
39293
39299
39308
39309
39310
39324
39326
39347
39351
39356
39375
39376
39386
39392
39396
39399
39401
39405
39422
39431
39440
39442
39444
39451
39458
39468
39470
39473
39479
39493
39500
39505
39506
39513
39529
39537
39543
39545
39551
39555
39569
39572
39574
39582
39583
39591
39603
39604
39605
39608
39611
39612
39613
39636
39637
39642
39647
39651
39664
39668
39669
39676
39685
39686
39699
39701
39702
39704
39710
39728
39735
39737
39741
39756
39761
39775
39777
39781
39783
39785
39787
39791
39794
39798
39811
39816
39817
39821
39824
39832
39835
39837
39839
39840
39861
39869
39870
39871
39878
39886
39904
39906
39912
39923
39927
39928
39931
39939
39948
39960
39964
39988
40015
40028
40065
40068
40076
40107
40111
40128
40160
40191
40193
40217
40220
40237
40260
40285
40300
40317
40336
40341
40356
40375
40387
40393
40395
40400
40406
40414
40473
40498
40511
40528
40564
40581
40596
40623
40641
40676
40702
40715
40731
40762
40784
40805
40824
40861
40913
40915
40948
40984
41000
41006
41018
41023
41024
41026
41033
41034
41038
41039
41046
41059
41075
41082
41088
41095
41107
41120
41145
41148
41151
41157
41160
41164
41165
41168
41175
41176
41209
41221
41230
41268
41275
41285
41302
41307
41311
41313
41320
41329
41336
41359
41360
41364
41368
41369
41371
41391
41397
41401
41421
41425
41426
41427
41435
41453
41454
41477
41490
41495
41496
41508
41516
41540
41552
41554
41556
41557
41560
41572
41589
41596
41599
41600
41606
41622
41639
41653
41678
41690
41691
41692
41704
41709
41710
41711
41718
41722
41733
41737
41750
41765
41789
41798
41802
41811
41820
41822
41828
41833
41837
41842
41847
41849
41852
41877
41881
41887
41897
41898
41904
41913
41920
41925
41931
41937
41938
41943
41957
41958
41960
41965
41966
41967
41976
41997
41998
42000
42005
42010
42013
42014
42020
42031
42040
42044
42049
42060
42062
42084
42090
42097
42104
42109
42132
42139
42145
42148
42149
42160
42162
42163
42184
42187
42227
42235
42245
42253
42277
42291
42298
42303
42306
42310
42313
42314
42316
42318
42334
42337
42339
42352
42353
42355
42358
42368
42385
42396
42398
42403
42425
42429
42430
42437
42442
42455
42456
42459
42466
42473
42477
42478
42487
42498
42504
42510
42514
42516
42518
42525
42533
42541
42546
42549
42555
42560
42571
42574
42575
42579
42596
42610
42613
42624
42632
42633
42637
42649
42652
42656
42666
42667
42673
42689
42695
42699
42708
42723
42739
42742
42745
42753
42755
42763
42772
42773
42781
42787
42794
42800
42812
42831
42832
42841
42845
42852
42861
42863
42871
42877
42892
42905
42910
42912
42916
42918
42926
42927
42947
42956
42957
42961
42973
42979
42981
43022
43031
43037
43045
43046
43048
43056
43061
43067
43070
43097
43103
43106
43109
43110
43112
43139
43142
43144
43146
43148
43152
43153
43160
43171
43179
43192
43197
43203
43205
43207
43208
43209
43213
43226
43256
43260
43265
43267
43274
43279
43281
43284
43287
43289
43314
43317
43320
43333
43338
43350
43356
43366
43370
43372
43376
43380
43384
43391
43399
43404
43405
43418
43435
43443
43451
43474
43476
43513
43515
43531
43538
43541
43542
43545
43548
43554
43555
43557
43561
43567
43569
43576
43578
43586
43612
43623
43633
43646
43658
43666
43668
43670
43687
43700
43712
43714
43720
43727
43733
43754
43762
43764
43766
43769
43782
43797
43811
43814
43826
43832
43833
43843
43852
43853
43893
43925
43940
43948
43957
43966
43968
43973
43976
43987
43994
43995
44020
44022
44027
44030
44035
44050
44053
44056
44066
44067
44078
44096
44124
44128
44133
44141
44143
44158
44160
44167
44171
44185
44196
44212
44217
44237
44265
44267
44277
44285
44286
44302
44306
44327
44337
44356
44375
44381
44383
44391
44394
44395
44400
44416
44419
44436
44444
44468
44489
44492
44494
44503
44507
44512
44514
44522
44530
44558
44572
44574
44575
44579
44581
44587
44590
44600
44605
44611
44619
44622
44628
44647
44654
44655
44674
44677
44678
44679
44682
44684
44686
44700
44709
44724
44733
44735
44764
44811
44814
44826
44838
44843
44863
44869
44875
44889
44894
44895
44896
44901
44902
44913
44941
44943
44953
44963
44964
44972
44974
44980
45010
45011
45013
45014
45017
45025
45029
45031
45037
45044
45054
45057
45117
45142
45144
45146
45147
45157
45158
45170
45177
45178
45179
45184
45186
45194
45204
45220
45224
45235
45244
45250
45259
45265
45267
45270
45273
45274
45280
45284
45287
45289
45295
45296
45298
45300
45302
45305
45306
45315
45328
45335
45346
45349
45352
45355
45396
45400
45411
45413
45414
45429
45430
45437
45455
45458
45470
45474
45475
45489
45495
45499
45504
45510
45514
45528
45531
45538
45543
45545
45552
45557
45558
45572
45578
45582
45587
45588
45595
45622
45629
45630
45634
45637
45641
45648
45650
45667
45668
45669
45671
45680
45694
45707
45718
45725
45727
45729
45735
45750
45753
45758
45762
45769
45780
45786
45796
45804
45815
45816
45820
45838
45845
45846
45873
45887
45896
45899
45903
45905
45916
45932
45942
45945
45951
45954
45960
45974
45996
46031
46071
46093
46193
46198
46208
46231
46261
46273
46309
46328
46353
46368
46375
46393
46404
46435
46437
46446
46450
46455
46491
46506
46562
46573
46606
46609
46618
46632
46636
46650
46664
46672
46687
46692
46699
46707
46749
46764
46786
46817
46832
46844
46849
46860
46887
46920
46957
46989
47009
47020
47027
47030
47036
47065
47095
47096
47104
47105
47111
47116
47117
47123
47138
47139
47140
47143
47147
47148
47159
47165
47169
47171
47176
47193
47196
47203
47205
47215
47218
47223
47227
47232
47236
47237
47241
47242
47253
47264
47271
47273
47286
47328
47329
47332
47370
47377
47379
47381
47394
47395
47397
47403
47427
47433
47438
47440
47441
47442
47445
47447
47451
47452
47456
47474
47478
47480
47498
47513
47517
47522
47531
47535
47536
47541
47544
47553
47562
47569
47570
47586
47594
47598
47602
47605
47608
47623
47626
47655
47657
47680
47684
47692
47694
47697
47698
47702
47720
47724
47725
47748
47755
47756
47764
47775
47777
47794
47796
47809
47814
47836
47843
47862
47869
47870
47872
47881
47883
47887
47893
47894
47895
47902
47909
47920
47927
47949
47955
47956
47957
47961
47987
47989
48000
48004
48006
48011
48039
48043
48044
48056
48057
48066
48067
48072
48076
48084
48085
48089
48092
48096
48106
48112
48115
48124
48129
48141
48152
48159
48161
48166
48173
48176
48196
48200
48223
48229
48237
48239
48243
48249
48252
48257
48275
48276
48278
48284
48287
48288
48293
48294
48305
48309
48323
48326
48328
48331
48339
48344
48347
48348
48354
48362
48370
48371
48385
48403
48408
48416
48417
48422
48424
48427
48434
48438
48452
48464
48467
48479
48483
48484
48485
48500
48503
48517
48519
48526
48533
48537
48544
48559
48569
48571
48573
48589
48612
48614
48635
48638
48641
48642
48644
48648
48654
48659
48662
48666
48683
48685
48695
48716
48720
48722
48728
48743
48757
48781
48803
48815
48822
48823
48828
48832
48842
48847
48848
48854
48858
48862
48878
48882
48885
48910
48918
48919
48921
48924
48940
48943
48948
48951
48956
48957
48961
48964
48971
49004
49009
49019
49023
49025
49029
49033
49058
49063
49064
49070
49074
49079
49084
49100
49101
49102
49107
49115
49120
49125
49140
49183
49185
49204
49218
49242
49282
49285
49289
49309
49315
49320
49335
49342
49344
49349
49350
49352
49367
49371
49375
49386
49403
49409
49420
49444
49453
49458
49460
49476
49478
49485
49488
49502
49505
49524
49528
49531
49535
49542
49544
49550
49558
49560
49572
49583
49588
49594
49605
49614
49620
49624
49628
49638
49658
49665
49673
49677
49685
49687
49697
49699
49709
49718
49743
49749
49765
49770
49774
49785
49788
49800
49808
49810
49816
49821
49824
49835
49847
49848
49855
49866
49879
49882
49888
49893
49895
49897
49902
49909
49963
49964
49973
49974
49981
50010
50020
50023
50025
50033
50035
50045
50056
50060
50073
50083
50084
50088
50113
50115
50118
50121
50128
50153
50156
50158
50173
50187
50188
50211
50214
50218
50223
50231
50241
50245
50254
50257
50258
50261
50265
50299
50300
50304
50309
50310
50316
50327
50340
50352
50360
50362
50369
50392
50411
50416
50427
50440
50446
50448
50453
50459
50463
50466
50467
50468
50469
50473
50475
50477
50481
50482
50503
50507
50520
50522
50533
50549
50562
50569
50579
50581
50597
50606
50607
50618
50625
50628
50629
50643
50655
50670
50673
50677
50710
50763
50767
50771
50810
50821
50827
50837
50859
50864
50877
50882
50884
50891
50898
50920
50923
50928
50949
50952
50966
50973
50977
50986
50989
51004
51007
51011
51018
51028
51034
51043
51048
51054
51055
51074
51077
51078
51086
51088
51090
51110
51114
51118
51155
51164
51167
51172
51178
51184
51186
51188
51200
51219
51225
51265
51269
51290
51336
51337
51341
51343
51346
51349
51373
51375
51380
51395
51402
51405
51406
51407
51408
51430
51461
51464
51474
51484
51490
51495
51528
51531
51551
51555
51559
51561
51577
51587
51603
51606
51619
51648
51653
51665
51677
51685
51691
51705
51708
51728
51744
51762
51765
51783
51790
51793
51810
51813
51815
51828
51875
51884
51892
51903
51904
51929
51930
51942
51944
51945
51947
51957
51960
51964
51972
51973
51985
52000
52022
52048
52075
52091
52106
52110
52116
52142
52153
52168
52173
52175
52180
52191
52201
52228
52233
52251
52259
52260
52262
52263
52276
52280
52286
52302
52308
52317
52320
52323
52327
52328
52332
52340
52344
52354
52361
52368
52373
52376
52384
52389
52391
52428
52439
52444
52468
52507
52519
52521
52531
52532
52537
52542
52545
52547
52548
52549
52550
52551
52554
52560
52564
52567
52570
52573
52579
52583
52601
52604
52607
52609
52610
52613
52614
52630
52635
52637
52657
52661
52662
52663
52664
52666
52668
52674
52680
52683
52686
52687
52688
52689
52692
52695
52696
52699
52700
52702
52706
52709
52720
52721
52729
52732
52736
52739
52740
52741
52742
52747
52752
52758
52760
52764
52766
52769
52770
52771
52777
52780
52783
52787
52794
52795
52799
52804
52807
52809
52815
52824
52836
52838
52840
52842
52850
52851
52858
52862
52863
52865
52866
52869
52871
52872
52873
52892
52893
52901
52903
52906
52907
52909
52917
52923
52924
52925
52928
52935
52936
52937
52940
52941
52950
52952
52956
52960
52965
52967
52971
52973
52974
52976
52978
52979
52980
52981
52988
52993
52995
52999
53001
53004
53005
53013
53016
53018
53019
53029
53037
53038
53043
53047
53048
53053
53059
53062
53065
53066
53076
53078
53080
53085
53087
53090
53093
53095
53097
53102
53106
53108
53111
53112
53114
53115
53118
53120
53122
53131
53132
53133
53137
53138
53140
53142
53143
53145
53147
53149
53152
53153
53158
53162
53163
53167
53169
53171
53174
53175
53178
53180
53181
53184
53185
53191
53195
53197
53199
53202
53209
53217
53219
53222
53224
53225
53236
53237
53238
53240
53242
53246
53258
53264
53292
53301
53332
53340
53349
53359
53407
53423
53435
53439
53454
53471
53478
53486
53488
53497
53536
53581
53587
53597
53605
53610
53617
53652
53667
53692
53698
53708
53726
53727
53732
53767
53786
53828
53850
53889
53904
53907
53927
53999
54002
54020
54044
54048
54054
54086
54098
54103
54104
54154
54155
54182
54234
54240
54301
54329
54363
54374
54412
54434
54483
54489
54519
54523
54527
54540
54578
54579
54588
54600
54607
54643
54646
54665
54720
54756
54769
54797
54825
54829
54838
54839
54841
54934
54945
54963
55002
55008
55039
55044
55053
55073
55077
55091
55130
55140
55183
55195
55199
55229
55236
55264
55309
55329
55330
55350
55352
55355
55359
55391
55406
55410
55414
55423
55441
55470
55482
55492
55507
55515
55532
55536
55561
55581
55644
55649
55653
55655
55658
55666
55670
55674
55683
55685
55699
55701
55720
55740
55765
55766
55772
55785
55792
55794
55803
55805
55806
55821
55824
55828
55836
55865
55879
55884
55900
55915
55923
55933
55943
55944
55947
55954
55967
55996
56028
56030
56038
56040
56041
56042
56046
56048
56067
56079
56088
56099
56111
56124
56132
56140
56141
56147
56149
56157
56172
56178
56186
56197
56204
56233
56241
56242
56246
56252
56258
56264
56268
56284
56289
56290
56294
56300
56301
56308
56309
56350
56352
56360
56385
56388
56391
56399
56402
56444
56447
56449
56462
56466
56468
56477
56484
56485
56486
56511
56514
56534
56571
56582
56595
56611
56628
56630
56634
56635
56654
56656
56665
56689
56690
56694
56702
56704
56705
56707
56709
56737
56740
56762
56775
56799
56833
56844
56910
56911
56932
56940
56949
56972
57010
57011
57014
57018
57033
57034
57043
57045
57049
57069
57079
57084
57087
57102
57111
57118
57119
57129
57136
57146
57149
57154
57166
57174
57181
57187
57191
57207
57208
57214
57218
57227
57235
57259
57261
57262
57269
57277
57285
57344
57353
57356
57374
57389
57394
57395
57415
57420
57422
57433
57452
57456
57470
57474
57487
57494
57495
57534
57571
57588
57608
57619
57633
57660
57681
57695
57704
57707
57723
57724
57740
57752
57753
57763
57766
57795
57800
57801
57811
57843
57858
57864
57866
57873
57882
57902
57916
57918
57944
57948
57958
57982
58002
58010
58055
58067
58073
58081
58085
58095
58173
58208
58209
58224
58243
58252
58269
58271
58291
58299
58307
58309
58310
58314
58321
58334
58369
58376
58381
58401
58404
58430
58431
58436
58439
58443
58452
58453
58460
58461
58463
58464
58466
58470
58473
58474
58475
58482
58495
58504
58507
58511
58519
58541
58552
58580
58587
58598
58599
58601
58616
58620
58621
58627
58640
58648
58654
58655
58656
58659
58666
58668
58672
58678
58682
58688
58689
58691
58704
58715
58717
58725
58731
58762
58765
58779
58789
58791
58797
58820
58879
58889
58898
58906
58913
58914
58923
58940
58952
58965
58972
59103
59105
59139
59148
59150
59155
59162
59164
59165
59203
59214
59239
59249
59256
59258
59318
59322
59325
59341
59347
59362
59365
59370
59378
59381
59382
59395
59414
59440
59441
59455
59458
59460
59467
59469
59492
59497
59507
59516
59519
59527
59536
59542
59545
59547
59549
59554
59573
59583
59587
59590
59595
59600
59605
59616
59622
59624
59627
59659
59689
59699
59701
59703
59720
59729
59730
59734
59771
59796
59816
59817
59854
59865
59869
59872
59886
59908
59913
59931
59984
60015
60018
60022
60025
60032
60036
60039
60042
60052
60062
60068
60092
60095
60110
60118
60124
60137
60139
60144
60158
60168
60169
60171
60187
60191
60200
60212
60241
60256
60259
60262
60268
60277
60280
60294
60299
60330
60341
60384
60388
60395
60397
60404
60405
60447
60474
60475
60486
60496
60497
60501
60517
60539
60558
60582
60587
60589
60602
60610
60627
60636
60651
60662
60670
60679
60687
60691
60695
60717
60720
60725
60738
60757
60764
60771
60798
60800
60804
60815
60840
60876
60879
60890
60904
60905
60917
60924
60926
60929
60945
60953
60976
60977
60983
61010
61026
61031
61044
61045
61049
61070
61092
61094
61121
61124
61130
61138
61146
61154
61157
61169
61200
61211
61231
61240
61272
61275
61287
61297
61308
61316
61319
61333
61337
61341
61349
61367
61371
61382
61397
61398
61400
61406
61431
61440
61449
61452
61462
61468
61512
61519
61568
61570
61573
61578
61579
61582
61583
61586
61587
61591
61633
61637
61639
61649
61651
61665
61666
61678
61681
61683
61689
61696
61702
61712
61714
61719
61726
61743
61745
61758
61763
61776
61777
61784
61794
61797
61805
61806
61812
61813
61817
61829
61832
61844
61845
61854
61859
61871
61884
61888
61889
61893
61905
61910
61913
61917
61923
61934
61939
61945
61950
61955
61967
62000
62023
62040
62047
62062
62067
62081
62113
62142
62160
62167
62178
62179
62183
62184
62205
62206
62214
62240
62247
62250
62261
62275
62282
62286
62292
62314
62325
62340
62341
62352
62365
62380
62402
62410
62415
62416
62423
62432
62440
62488
62489
62523
62533
62563
62600
62610
62627
62632
62646
62663
62710
62754
62798
62807
62812
62814
62833
62874
62887
62917
62929
62941
62943
62947
62955
63008
63010
63013
63031
63052
63119
63125
63152
63186
63199
63213
63219
63242
63251
63264
63270
63290
63297
63311
63351
63370
63374
63381
63399
63414
63457
63474
63482
63490
63494
63502
63516
63526
63528
63678
63679
63691
63731
63747
63773
63844
63855
63859
63862
63873
63883
63911
63916
63927
63928
63930
63945
63949
63956
63961
63969
63976
63996
64010
64013
64018
64031
64044
64049
64050
64072
64073
64074
64075
64096
64098
64121
64208
64213
64227
64238
64245
64252
64262
64297
64302
64304
64313
64331
64402
64413
64432
64444
131127
131155
131178
131207
131210
131219
131248
131270
131274
131278
131284
131293
131303
131310
131322
131349
131386
131403
131418
131447
131450
131477
131702
131706
131711
131717
131744
131755
131758
131759
131772
131896
131996
132006
132023
132029
132040
132045
132072
132074
132116
132132
132142
132145
132160
132165
132167
132168
132196
132198
132203
132215
132220
132225
132240
132246
132255
132267
132272
132280
132298
132323
132335
132347
132354
132405
132434
132449
132454
132513
132525
132528
132543
132556
132581
132585
132602
132615
132649
132651
132653
132692
132717
132721
132735
132754
132761
132770
132774
132779
132787
132789
132808
132825
132829
132837
132839
132847
132862
132863
132876
132884
132890
132899
132933
132957
132971
133001
133011
133012
133034
133075
133084
133093
133111
133115
133136
133170
133199
133206
133219
133229
133232
133234
133235
133237
133246
133255
133269
133275
133295
133296
133301
133311
133324
133325
133334
133339
133372
133380
133383
133385
133398
133399
133403
133414
133421
133444
133469
133507
133513
133524
133527
133593
133606
133611
133613
133615
133617
133643
133647
133648
133652
133661
133664
133676
133680
133696
133711
133717
133720
133731
133734
133736
133748
133749
133771
133774
133777
133840
133854
133929
133954
133957
133959
133969
133982
133989
134006
134008
134009
134012
134014
134018
134042
134053
134056
134067
134069
134089
134092
134113
134146
134171
134186
134190
134204
134249
134316
134326
134371
134382
134417
134419
134451
134529
134548
134555
134616
134618
134625
134630
134651
134684
134688
134705
134708
134732
134739
134761
134772
134785
134800
134809
134823
134835
134844
134877
134916
134922
134939
134943
134971
135025
135031
135036
135060
135061
135069
135081
135098
135122
135125
135145
135158
135167
135181
135193
135207
135214
135223
135232
135242
135247
135253
135307
135341
135345
135352
135356
135373
135376
135382
135386
135391
135401
135409
135422
135423
135449
135476
135511
135513
135523
135553
135597
135605
135607
135640
135707
135718
135722
135724
135739
135754
135760
135763
135772
135776
135795
135814
135817
135820
135834
135853
135905
136030
136050
136065
136119
136141
136168
136188
136224
136233
136262
136276
136303
136319
136439
136461
136493
136500
136514
136531
136533
136552
136557
136561
136574
136587
136605
136608
136620
136642
136724
136733
136743
136759
136762
136776
136838
136869
136897
136933
136975
136978
137048
137083
137214
137224
137253
137255
137262
137273
137279
137306
137310
137403
137432
137498
137588
196616
196621
196638
196655
196675
196691
196695
196705
196709
196714
196716
196729
196730
196735
196742
196753
196763
196797
196798
196807
196844
196851
196883
196890
196914
196925
196927
196936
196938
196945
196949
196957
196962
196977
196983
196987
197002
197017
197023
197029
197033
197056
197064
197068
197071
197078
197091
197099
197118
197119
197133
197140
197155
197169
197177
197200
197204
197212
197216
197220
197235
197248
197264
197267
197284
197298
197328
197343
197350
197357
197377
197394
197426
197451
197453
197467
197498
197501
197502
197518
197522
197529
197530
197535
197556
197580
197588
197589
197592
197595
197617
197640
197667
197672
197680
197686
197695
197696
197697
197704
197726
197731
197742
197750
197764
197790
197826
197845
197882
197893
197898
197907
197913
197981
198004
198048
198070
198096
198148
198151
198152
198157
198171
198203
198214
198218
198225
198230
198252
198279
198295
198297
198354
198371
198385
198432
198433
198435
198477
198479
198498
198499
198504
198507
198541
198545
198551
198569
198570
198602
198605
198608
198610
198651
198704
198706
198709
198710
198720
198726
198753
198781
198785
198792
198816
198826
198908
198930
198934
198935
198949
198961
198967
198968
198988
199020
199081
199092
199129
199136
199139
199163
199167
199230
199236
199244
199250
199256
199267
199270
199284
199319
199320
199330
199354
199361
199391
199420
199422
199435
199468
199483
199484
199490
199508
199517
199524
199534
199569
199578
199599
199624
199635
199659
199660
199677
199714
199728
199733
199738
199754
199758
199803
199805
199842
199860
199913
199928
199939
199941
199974
199995
200000
200015
200020
200043
200044
200081
200086
200094
200107
200127
200142
200148
200155
200161
200187
200429
200434
200485
200507
200513
200533
200557
200560
200582
200590
200594
200602
200612
200615
200634
200697
200719
200738
200759
200781
200811
200845
200873
200899
200904
200933
200994
200995
201011
201029
201053
201054
201069
201105
201106
201118
201201
201205
201211
201236
201250
201284
201288
201290
201298
201323
201333
201340
201387
201417
201426
201434
201482
201508
201535
201542
201553
201587
201602
201628
201635
201661
201672
201701
201706
201709
201727
201735
201776
201789
201826
201843
201861
201872
201917
201942
201962
201977
201984
201986
202038
202042
202046
202050
202053
202103
202112
202113
202120
202164
202177
202194
202203
202207
202222
202535
202570
202664
202758
202766
202914
202926
202932
202940
202984
202993
202996
203022
203038
203052
203068
203089
203125
203201
203211
203217
203224
203308
203329
203368
203393
203500
203507
203593
203620
203629
203649
203683
203695
203730
203779
203828
203936
203937
203939
203964
203980
203993
204008
204018
204046
204060
204102
204108
204136
204152
204232
204281
204488
204540
204577
204618
204672
204790
204861
204873
204906
204941
204948
204979
205022
205063
205132
205158
205185
205268
205305
205317
205356
205406
205438
205460
205512
205624
205647
205698
205718
205869
205906
205952
205996
205998
206001
206012
206212
206233
206262
206264
206269
206276
206277
206440
206447
206479
206499
206589
206663
206676
206753
206762
206774
206776
206819
206893
206894
206907
206957
207044
207056
207097
207133
207151
207187
207198
207199
262150
262163
262181
262182
262186
262191
262195
262199
262202
262206
262210
262215
262218
262235
262237
262239
262248
262249
262253
262272
262273
262274
262279
262282
262284
262286
262287
262288
262293
262296
262300
262301
262304
262310
262314
262317
262318
262332
262333
262342
262345
262352
262354
262355
262360
262363
262374
262375
262377
262378
262387
262388
262394
262401
262403
262404
262407
262416
262417
262419
262424
262427
262428
262433
262434
262438
262439
262444
262456
262458
262459
262461
262462
262463
262468
262470
262474
262476
262481
262485
262488
262492
262493
262494
262496
262497
262498
262501
262502
262503
262505
262509
262516
262517
262521
262526
262531
262532
262535
262537
262539
262540
262557
262561
262565
262567
262575
262587
262588
262589
262590
262591
262594
262595
262596
262600
262604
262605
262606
262607
262611
262617
262628
262631
262632
262644
262645
262651
262659
262664
262668
262669
262671
262673
262675
262676
262680
262681
262686
262687
262688
262689
262696
262699
262700
262704
262706
262711
262713
262715
262720
262721
262725
262729
262731
262732
262733
262734
262740
262743
262748
262755
262759
262760
262761
262765
262766
262769
262772
262773
262777
262778
262781
262785
262786
262788
262794
262798
262801
262802
262805
262806
262807
262808
262811
262813
262814
262818
262819
262821
262822
262827
262828
262832
262839
262847
262848
262851
262854
262862
262865
262868
262869
262873
262880
262883
262900
262901
262903
262906
262907
262914
262934
262948
262949
262952
262955
262966
262970
262971
262973
262977
262979
262988
262989
262993
262996
262997
262999
263000
263004
263009
263011
263015
263018
263019
263027
263028
263031
263032
263035
263042
263043
263047
263055
263057
263058
263064
263066
263072
263073
263080
263081
263085
263086
263097
263099
263112
263114
263120
263124
263125
263127
263129
263143
263144
263145
263151
263152
263154
263159
263164
263165
263175
263238
263259
263260
263262
263263
263264
263270
263276
263292
263297
263303
263309
263311
263314
263321
263324
263327
263329
263336
263340
263346
263353
263360
263361
263362
263363
263374
263385
263386
263390
263394
263400
263405
263411
263415
263420
263422
263423
263424
263432
263434
263439
263443
263444
263445
263456
263460
263462
263478
263481
263484
263495
263500
263503
263509
263520
263522
263523
263525
263527
263528
263531
263536
263541
263546
263554
263555
263557
263558
263565
263566
263567
263569
263579
263583
263586
263616
263619
263625
263626
263627
263629
263631
263635
263641
263645
263649
263650
263652
263655
263656
263661
263665
263675
263688
263689
263703
263713
263754
263766
263769
263774
263779
263783
263785
263798
263801
263805
263817
263824
263840
263841
263853
263855
263856
263861
263864
263873
263879
263880
263891
263903
263917
263920
263935
263940
263944
263955
263961
263985
263989
263994
263996
263998
264005
264006
264009
264010
264022
264033
264052
264060
264069
264086
264088
264090
264096
264107
264112
264116
264120
264127
264130
264135
264138
264144
264150
264162
264169
264170
264200
264202
264209
264211
264215
264221
264228
264229
264244
264268
264270
264281
264288
264293
264297
264300
264306
264318
264322
264332
264333
264344
264351
264356
264359
264362
264367
264368
264375
264381
264384
264386
264409
264411
264415
264416
264417
264437
264444
264449
264452
264459
264460
264464
264465
264470
264480
264485
264490
264491
264493
264496
264498
264500
264509
264512
264517
264519
264520
264524
264525
264528
264531
264537
264539
264543
264544
264547
264556
264562
264564
264574
264575
264580
264582
264592
264595
264596
264600
264609
264619
264628
264651
264660
264668
264685
264746
264763
264788
264806
264853
264854
264861
264879
264899
264912
264936
264940
264943
264948
264949
264952
264959
264960
264961
264969
264977
264982
264984
264991
264996
264997
264998
264999
265019
265021
265022
265034
265048
265053
265061
265066
265080
265089
265130
265134
265136
265138
265141
265157
265159
265171
265175
265181
265184
265185
265187
265197
265198
265201
265206
265215
265229
265241
265242
265268
265269
265277
265282
265290
265294
265300
265303
265308
265311
265330
265337
265339
265343
265347
265348
265365
265377
265379
265380
265385
265389
265396
265399
265406
265416
265426
265429
265432
265436
265442
265445
265470
265472
265482
265498
265636
265760
265826
265887
265890
265933
265937
265938
265947
265954
265962
265975
266018
266019
266024
266025
266032
266036
266058
266072
266084
266088
266129
266131
266136
266150
266156
266167
266178
266181
266184
266185
266194
266201
266205
266210
266215
266220
266223
266269
266294
266302
266322
266328
266347
266358
266368
266371
266397
266399
266400
266420
266428
266445
266470
266476
266486
266493
266499
266502
266516
266518
266523
266539
266550
266563
266568
266573
266574
266600
266602
266610
266623
266635
266646
266650
266725
266951
266979
266989
267002
267044
267075
267095
267121
267124
267191
267221
267294
267469
267512
267530
267541
267544
267556
267562
267593
267613
327687
327693
327700
327713
327724
327751
327775
327781
327782
327783
327795
327799
327802
327814
327885
327891
327903
327924
327941
327952
327981
328013
328015
328022
328040
328068
328107
328111
328138
328164
328190
328249
328252
328258
328261
328271
393220
393221
393223
393225
393238
393266
393275
393299
393380
393398
393423
393424
393434
393436
393442
393451
393457
393521
393536
393545
393552
393591
393626
393667
393676
393708
393713
393719
393731
393752
393775
393853
393950
393954
394018
394070
394098
394140
394141
394146
394233
394255
394284
394308
394368
394414
394432
394437
394453
394469
394497
394601
394644
394647
394659
394768
394896
394898
394899
394900
394901
394902
394968
394995
395088
395165
395176
395194
395226
395321
395368
395378
395434
395461
395471
395516
395555
395563
395565
395567
395588
395597
395619
395662
395727
395774
395837
395846
395880
395949
395954
395970
395974
395976
395980
396019
396026
396071
396123
396140
396185
396238
396300
396371
396434
396450
396535
